
 2023-04-28, 205.0, 60.0, 15.0, 39.92
 2023-04-28, 185.0, 4.0, 20.0, 2.22
 2023-04-28, 205.0, 60.0, 15.0, 39.92, 6515257894.0
 2023-04-28, 205, 60, 15, 40, 0
 2023-04-28, 205, 60, 15, 40, 1234567891.0
 2023-04-28, 205, 60, 15, 40, -
 2023-04-28, 205, 60, 15, 40, 1234567891
 2023-04-28, 205, 60, 15, 40, 1234567891
 2023-04-28, 205, 60, 15, 40
 2023-04-28, 205, 60, 15, 40
 2023-04-28, 205, 60, 15, 40
 2023-04-28, 205, 60, 15, 40, 1234567891
 2023-04-28, 500, 30, 12, 107, 1234567891
 2023-04-28, 205, 60, 15, 40
 2023-04-28, 205, 60, 15, 40
 2023-04-28, 205, 60, 15, 39.92449041517438, 1234567891
 2023-04-28, 205, 60, 15, 39.92449041517438
 2023-04-28, 205, 60, 15, 39.92, 1234567891
 2023-04-28, 205, 60, 15, 39.92
 2023-04-28, 205, 60, 15, 39.92, 1234567891
 2023-04-28, 205, 60, 12, 33.89
 2023-04-28, 205, 60, 15, 39.92, 1234567891
 2023-04-28, 205, 60, 15, 39.92